563 7 1
3 0.450 0 0 0.015 0 1 0
2 0.400 0 0 0.025 1 1 1
2 0.238 0 0 0.025 0 1 0
3 0.238 1 0 0.015 1 1 1
2 0.038 1 1 0.051 0 1 1
1 0.550 0 0 0.054 1 2 1
1 0.725 0 0 0.286 1 2 1
3 0.525 0 1 0.016 0 1 0
2 0.300 0 0 0.025 1 1 0
3 0.350 0 0 0.019 0 1 0
3 0.425 0 0 0.013 0 1 0
3 0.569 0 0 0.014 0 2 0
3 0.225 0 0 0.016 0 1 1
3 0.025 0 1 0.020 1 1 0
3 0.400 1 0 0.031 0 1 0
3 0.325 0 0 0.037 0 2 1
3 0.200 0 0 0.015 1 0 1
1 0.500 0 0 0.061 0 2 1
3 0.300 0 0 0.014 0 1 0
2 0.438 0 0 0.041 1 1 1
3 0.275 0 0 0.014 0 1 0
2 0.375 0 0 0.025 0 1 0
1 0.388 1 0 0.221 1 2 1
3 0.338 0 0 0.015 1 1 1
2 0.525 1 0 0.053 0 1 0
1 0.400 0 0 0.149 1 2 1
2 0.375 0 0 0.020 0 1 0
3 0.200 0 0 0.016 0 1 1
2 0.338 0 0 0.025 0 1 0
3 0.638 0 0 0.016 0 1 0
1 0.475 1 0 0.176 0 1 1
3 0.275 0 0 0.018 0 1 0
2 0.238 0 0 0.020 0 1 1
3 0.256 0 0 0.014 0 1 0
2 0.225 0 0 0.025 0 1 0
1 0.438 1 0 0.163 1 1 1
3 0.363 0 0 0.015 0 1 0
2 0.738 0 0 0.026 0 1 0
3 0.063 4 2 0.061 1 1 1
2 0.300 0 0 0.020 0 1 0
2 0.550 1 0 0.051 0 1 0
2 0.100 0 2 0.051 1 1 1
2 0.238 0 0 0.020 0 1 0
2 0.413 0 0 0.024 0 1 0
2 0.363 0 0 0.020 0 1 0
3 0.275 0 0 0.014 0 1 0
3 0.375 0 0 0.014 0 2 0
1 0.550 2 0 0.176 0 0 0
3 0.313 0 0 0.015 1 1 0
2 0.300 0 2 0.028 1 1 1
1 0.463 1 1 0.103 0 1 1
2 0.675 1 0 0.051 0 1 0
3 0.363 1 1 0.020 1 1 0
1 0.775 0 0 0.052 0 1 0
3 0.375 1 0 0.031 0 1 0
3 0.513 0 2 0.039 1 1 0
3 0.363 0 2 0.030 1 2 1
1 0.375 0 0 0.169 1 1 1
1 0.438 0 0 1.000 1 2 1
2 0.625 0 1 0.051 1 1 1
3 0.038 4 2 0.061 0 1 1
1 0.650 1 1 0.155 0 1 0
1 0.500 0 0 0.000 0 1 0
2 0.450 0 0 0.020 0 1 0
3 0.200 4 1 0.077 0 1 0
3 0.313 1 0 0.015 0 1 1
1 0.725 0 1 0.300 1 1 1
1 0.438 0 0 0.265 1 1 1
3 0.313 0 0 0.000 0 1 1
2 0.513 0 1 0.038 1 1 1
1 0.463 0 1 0.058 0 2 0
1 0.788 1 0 0.152 1 1 1
3 0.563 0 0 0.015 1 1 0
3 0.088 4 1 0.057 0 0 0
3 0.438 1 1 0.040 1 1 1
3 0.813 0 0 0.015 0 0 0
3 0.350 0 0 0.015 0 1 0
3 0.200 0 0 0.019 0 1 0
3 0.238 0 0 0.016 0 1 1
3 0.413 0 0 0.017 0 2 0
3 0.375 0 0 0.019 0 1 1
3 0.275 0 0 0.015 0 1 0
2 0.525 0 0 0.025 0 1 1
3 0.275 0 0 0.015 1 0 1
1 0.325 0 0 0.154 1 1 1
1 0.238 1 0 0.178 1 2 1
2 0.450 0 0 0.025 0 2 0
3 0.300 0 0 0.017 1 1 0
3 0.300 0 0 0.015 0 1 0
3 0.294 0 0 0.014 0 2 0
1 0.025 1 2 0.296 1 1 0
1 0.625 0 1 0.483 1 2 1
3 0.238 0 0 0.000 0 1 0
1 0.012 1 2 0.296 0 1 1
1 0.213 1 0 0.213 1 2 1
2 0.375 1 0 0.047 0 2 0
1 0.375 0 0 0.111 1 2 1
1 0.300 0 0 0.162 1 2 1
1 0.225 2 2 0.512 1 2 1
2 0.325 1 1 0.051 1 1 0
3 0.350 0 0 0.015 0 1 0
2 0.538 1 1 0.051 0 1 0
3 0.325 0 0 0.015 1 1 1
2 0.300 1 0 0.051 1 1 1
2 0.675 0 0 0.027 0 1 0
1 0.388 0 2 0.322 1 1 1
1 0.500 1 1 0.263 1 2 1
3 0.275 0 0 0.014 0 1 0
3 0.338 0 0 0.015 0 1 0
2 0.375 0 0 0.024 1 0 1
2 0.275 1 1 0.057 1 1 1
1 0.450 0 0 0.265 1 2 1
3 0.763 0 0 0.012 0 1 0
2 0.450 0 0 0.025 1 1 1
3 0.388 1 1 0.040 1 1 1
1 0.200 0 1 0.113 1 2 1
1 0.569 0 0 0.056 0 1 0
1 0.475 0 1 0.300 0 1 0
3 0.200 2 0 0.035 0 1 0
1 0.363 1 0 0.130 0 1 0
1 0.513 0 0 0.263 1 2 1
3 0.563 0 0 0.016 0 1 1
1 0.563 0 0 0.069 0 1 0
2 0.025 1 1 0.051 0 1 1
1 0.300 3 2 0.513 1 1 1
2 0.350 0 0 0.025 0 1 0
2 0.313 0 0 0.025 0 1 0
2 0.450 0 0 0.025 0 1 0
2 0.300 0 0 0.025 1 1 1
2 0.500 0 0 0.025 1 1 1
3 0.038 1 1 0.031 0 1 1
3 0.525 0 0 0.017 0 1 0
3 0.288 0 0 0.018 0 1 0
3 0.188 1 1 0.014 0 2 0
3 0.313 1 0 0.035 0 1 0
3 0.350 0 0 0.019 0 1 0
1 0.275 0 1 0.107 1 1 1
2 0.475 0 0 0.025 1 1 0
3 0.500 1 4 0.054 0 1 0
2 0.363 1 0 0.054 0 2 0
3 0.563 0 1 0.028 1 2 0
3 0.438 0 0 0.014 0 1 0
3 0.375 0 0 0.014 0 1 0
1 0.750 1 0 0.147 1 2 1
1 0.300 0 0 0.135 1 2 1
1 0.313 1 0 0.108 0 2 1
3 0.225 1 0 0.013 0 1 0
3 0.238 0 0 0.016 0 1 0
1 0.275 0 0 0.265 0 2 0
3 0.038 3 1 0.041 1 1 0
3 0.275 0 0 0.014 1 1 1
1 0.338 0 2 0.413 0 2 0
3 0.250 0 0 0.008 0 2 0
3 0.238 0 0 0.015 0 1 0
1 0.525 0 0 0.444 1 2 1
3 0.013 0 2 0.031 1 2 1
3 0.400 0 0 0.015 0 1 0
1 0.438 1 0 0.101 1 1 1
2 0.225 0 0 0.143 0 1 0
3 0.013 5 2 0.092 0 1 0
2 0.450 0 0 0.025 1 1 1
2 0.213 0 0 0.023 1 2 1
1 0.450 1 2 0.234 0 1 1
3 0.263 0 0 0.015 0 1 1
3 0.350 2 0 0.015 0 1 0
1 0.288 1 0 0.221 1 2 1
3 0.300 0 2 0.033 1 1 1
3 0.275 0 0 0.015 0 1 0
3 0.388 0 0 0.015 1 1 0
2 0.575 0 0 0.051 0 1 0
2 0.288 0 0 0.020 0 1 0
2 0.350 0 0 0.025 1 1 1
3 0.488 0 0 0.015 0 1 1
3 0.325 0 0 0.016 0 1 0
3 0.263 1 0 0.019 1 1 0
3 0.350 1 0 0.031 0 1 0
3 0.250 0 0 0.017 1 1 0
2 0.425 1 0 0.041 0 1 0
3 0.638 0 0 0.015 0 1 0
2 0.038 1 1 0.037 0 1 1
3 0.263 0 0 0.015 0 1 0
1 0.413 1 0 0.176 1 0 1
3 0.550 0 0 0.015 0 1 1
2 0.425 1 1 0.063 1 1 1
2 0.225 0 2 0.025 1 1 1
2 0.375 0 0 0.025 0 1 0
3 0.125 0 2 0.047 1 1 0
3 0.263 0 0 0.015 0 0 0
3 0.363 0 0 0.015 0 1 0
3 0.350 1 1 0.028 1 1 0
3 0.225 1 1 0.039 0 1 0
2 0.350 1 0 0.051 1 1 1
2 0.238 0 0 0.051 1 1 1
3 0.400 0 0 0.016 0 1 1
1 0.350 0 0 0.052 0 1 1
2 0.525 1 0 0.051 1 1 1
3 0.213 0 0 0.014 0 1 0
1 0.625 1 0 0.109 0 1 0
1 0.175 1 2 0.234 1 1 1
3 0.263 2 2 0.067 1 1 0
2 0.300 2 3 0.037 1 1 1
1 0.800 1 4 0.513 0 1 0
2 0.388 0 0 0.020 0 1 0
2 0.563 1 1 0.051 1 1 1
3 0.250 0 0 0.019 0 1 0
3 0.313 1 0 0.015 0 1 0
2 0.350 0 0 0.025 1 1 1
1 0.050 0 2 0.160 0 1 1
2 0.163 0 1 0.038 1 1 1
1 0.425 0 0 0.052 0 1 1
3 0.063 2 1 0.038 1 2 1
1 0.650 0 0 0.060 0 1 1
2 0.450 1 2 0.054 0 1 0
1 0.375 0 0 0.054 0 2 0
1 0.613 1 0 0.174 0 2 1
3 0.363 0 0 0.015 0 2 1
1 0.813 0 0 0.052 0 1 0
2 0.625 0 0 0.020 1 1 1
1 0.600 0 0 0.052 0 1 1
3 0.425 0 0 0.016 0 1 0
1 0.588 0 0 0.075 0 1 0
2 0.600 0 0 0.025 0 1 0
3 0.475 0 0 0.014 0 1 0
1 0.700 0 0 0.052 0 1 0
3 0.009 2 1 0.038 1 2 1
3 0.475 0 0 0.017 0 1 0
2 0.413 1 2 0.054 1 1 1
2 0.288 0 0 0.027 1 2 1
3 0.275 0 0 0.019 1 1 0
2 0.425 1 0 0.041 0 1 0
3 0.363 1 0 0.014 0 1 0
3 0.275 0 0 0.015 0 1 0
3 0.025 0 1 0.024 1 1 1
3 0.113 5 2 0.092 0 1 0
3 0.625 0 0 0.016 0 1 0
3 0.788 0 0 0.019 1 1 1
1 0.313 1 0 0.178 0 2 1
1 0.438 1 0 0.176 1 1 1
1 0.725 0 0 0.058 0 2 0
3 0.375 0 0 0.016 0 1 0
3 0.113 1 1 0.031 0 1 1
3 0.263 0 0 0.014 0 1 0
1 0.688 0 0 0.060 0 1 0
1 0.888 0 0 0.097 0 2 0
3 0.263 0 0 0.016 0 1 0
1 0.675 1 0 0.153 1 2 1
1 0.313 1 2 0.296 1 1 0
3 0.300 0 0 0.015 0 1 0
3 0.213 0 0 0.017 0 1 0
3 0.263 0 0 0.015 1 0 0
3 0.463 0 0 0.019 1 1 0
1 0.200 0 0 0.169 1 1 1
1 0.225 1 0 0.213 0 2 0
2 0.413 0 2 0.051 1 1 1
3 0.350 0 0 0.044 0 1 0
3 0.325 0 0 0.110 0 1 1
3 0.363 0 0 0.015 0 0 1
1 0.450 0 0 0.051 0 1 1
1 0.675 1 0 0.116 1 2 1
3 0.300 0 0 0.015 0 1 0
1 0.588 0 0 0.066 0 1 0
2 0.425 0 0 0.020 1 1 1
2 0.450 1 0 0.051 1 1 1
3 0.400 0 0 0.015 0 1 0
1 0.375 0 0 0.182 1 1 1
3 0.275 0 0 0.015 0 1 0
1 0.550 0 1 0.113 1 2 1
3 0.506 0 0 0.015 0 0 0
2 0.625 0 0 0.020 1 1 1
3 0.488 0 0 0.015 0 1 0
2 0.288 2 1 0.022 0 1 0
2 0.025 1 1 0.051 1 1 1
3 0.213 1 1 0.014 0 2 0
3 0.375 0 0 0.017 1 1 0
2 0.088 0 2 0.051 1 1 1
1 0.563 0 0 0.052 0 1 0
1 0.375 0 0 0.208 1 2 1
1 0.275 0 2 0.097 1 2 1
1 0.450 0 2 0.139 1 1 1
3 0.113 4 2 0.061 1 1 0
3 0.138 4 2 0.061 1 1 0
2 0.400 1 0 0.051 0 1 1
1 0.625 1 0 0.208 0 2 0
1 0.800 0 0 0.051 0 1 0
2 0.238 1 0 0.051 1 1 1
3 0.413 1 1 0.040 0 1 0
2 0.100 1 1 0.072 0 1 1
1 0.213 0 2 0.216 0 2 1
2 0.338 0 0 0.051 0 1 0
3 0.275 0 0 0.014 0 2 1
3 0.275 0 0 0.015 1 1 1
1 0.775 0 0 0.052 0 1 0
1 0.600 1 0 0.077 1 2 1
1 0.488 1 1 0.155 1 1 1
3 0.450 1 0 0.034 1 1 1
3 0.500 0 0 0.015 0 1 0
2 0.350 0 0 0.026 0 1 0
3 0.300 2 0 0.047 0 1 0
3 0.238 0 0 0.015 0 1 0
3 0.363 0 4 0.041 1 1 0
3 0.400 0 0 0.015 0 1 1
2 0.775 0 0 0.020 0 1 1
1 0.663 2 0 0.100 1 1 1
1 0.450 0 0 0.052 0 1 1
3 0.200 0 0 0.016 0 1 0
3 0.238 0 0 0.028 0 1 0
2 0.425 0 0 0.025 1 1 1
1 0.488 1 0 0.109 1 1 1
3 0.400 0 0 0.015 0 1 1
2 0.313 1 1 0.059 1 1 1
1 0.488 1 1 0.216 1 2 1
2 0.675 0 0 0.051 0 1 0
1 0.450 0 0 0.078 0 2 0
1 0.225 0 2 0.155 1 1 1
2 0.588 0 0 0.029 0 1 0
1 0.750 1 1 0.155 0 2 1
3 0.275 0 0 0.016 0 1 0
3 0.438 0 0 0.014 0 1 0
1 0.650 1 0 0.153 1 2 1
3 0.588 0 0 0.014 0 1 0
2 0.463 1 0 0.051 0 1 0
3 0.450 1 1 0.047 0 1 0
3 0.613 0 0 0.000 0 1 0
1 0.613 1 0 0.111 0 2 1
2 0.300 2 1 0.053 1 1 1
3 0.550 0 0 0.016 0 1 0
1 0.438 0 0 0.052 0 2 1
3 0.450 1 0 0.030 0 1 0
3 0.375 0 0 0.015 0 1 0
1 0.338 0 0 0.060 0 1 1
2 0.275 1 2 0.081 1 2 1
1 0.500 0 0 0.300 1 1 1
3 0.488 1 5 0.061 1 1 0
3 0.438 0 0 0.016 0 1 0
2 0.300 1 2 0.127 1 1 1
3 0.425 1 1 0.028 0 1 0
3 0.325 1 0 0.031 1 1 0
2 0.050 2 1 0.076 1 1 1
2 0.325 0 0 0.020 0 1 0
3 0.338 1 0 0.028 0 2 0
1 0.525 1 0 0.103 0 1 1
3 0.250 1 1 0.031 0 2 1
3 0.263 0 0 0.015 0 1 0
3 0.263 0 0 0.031 0 1 0
1 0.763 0 0 0.063 0 1 0
2 0.713 0 0 0.024 0 0 0
1 0.263 0 0 0.152 1 1 1
3 0.325 0 0 0.015 0 1 0
1 1.000 0 0 0.059 0 1 1
3 0.638 0 0 0.014 0 1 0
1 0.400 0 0 0.060 0 2 1
3 0.113 3 2 0.054 1 1 0
2 0.350 0 0 0.025 1 1 1
3 0.400 0 0 0.015 0 1 0
2 0.388 1 1 0.051 0 1 0
3 0.513 0 5 0.077 1 1 0
3 0.250 0 0 0.015 0 1 0
1 0.300 0 0 0.135 1 2 1
3 0.025 3 2 0.054 1 1 0
3 0.009 2 1 0.038 1 2 1
1 0.600 1 0 0.150 0 2 1
3 0.238 0 0 0.015 0 1 0
1 0.700 0 0 0.069 0 2 1
3 0.288 0 0 0.015 1 1 1
2 0.225 0 1 0.045 1 1 1
3 0.263 0 0 0.016 0 1 0
3 0.225 0 0 0.013 1 0 0
2 0.300 2 0 0.143 0 1 0
3 0.400 1 1 0.030 1 0 0
2 0.288 0 0 0.025 0 1 0
1 0.725 0 2 0.221 0 2 0
1 0.625 2 0 0.261 0 1 1
3 0.500 0 0 0.014 0 2 0
1 0.588 0 0 0.050 0 1 0
3 0.450 0 0 0.015 0 1 0
3 0.250 1 0 0.015 0 1 1
2 0.400 2 0 0.143 0 1 0
2 0.313 0 0 0.025 0 1 0
3 0.538 0 0 0.016 0 1 0
2 0.500 1 1 0.076 1 1 1
1 0.388 1 0 0.101 0 1 0
2 0.875 0 0 0.020 0 1 0
2 0.388 0 0 0.025 0 1 1
3 0.225 0 0 0.015 0 1 0
3 0.306 0 0 0.016 0 1 0
3 0.225 0 0 0.019 1 1 1
3 0.538 1 6 0.092 1 1 0
1 0.450 0 1 1.000 0 2 1
1 0.338 0 0 0.150 0 2 1
3 0.250 0 0 0.018 0 1 0
3 0.175 5 2 0.092 0 1 0
2 0.750 1 1 0.076 0 1 0
2 0.313 1 2 0.081 0 2 0
3 0.175 4 1 0.077 0 1 0
3 0.238 0 0 0.020 0 1 0
3 0.225 0 0 0.015 0 1 0
1 0.188 0 1 0.413 1 1 1
1 0.388 1 0 0.111 0 1 1
3 0.050 0 1 0.026 1 2 1
3 0.313 0 0 0.014 0 2 0
1 0.750 0 0 0.052 0 1 0
2 0.650 0 0 0.026 0 1 0
3 0.550 0 0 0.016 0 1 0
1 0.613 1 1 0.216 0 2 0
3 0.525 0 0 0.015 0 1 0
1 0.225 1 0 0.444 1 2 1
1 0.438 0 0 0.051 0 1 1
3 0.225 0 1 0.028 1 2 0
3 0.313 0 0 0.015 0 0 0
3 0.325 1 0 0.015 0 1 0
2 0.488 0 0 0.051 0 1 0
2 0.563 0 0 0.026 1 1 1
1 0.525 0 0 0.051 0 1 1
1 0.275 0 0 0.296 1 1 1
1 0.300 0 0 0.097 1 2 1
1 0.600 1 0 0.101 0 1 1
3 0.363 0 0 0.019 0 1 0
2 0.650 0 0 0.025 0 1 0
3 0.238 0 0 0.015 0 1 0
1 0.475 0 0 0.444 1 2 1
2 0.338 0 0 0.020 1 1 1
3 0.413 0 0 0.015 0 1 0
2 0.075 0 1 0.064 1 1 1
3 0.213 1 0 0.014 0 1 0
2 0.425 0 0 0.025 0 1 0
2 0.625 0 0 0.025 0 1 0
1 0.338 1 0 0.104 0 1 1
3 0.250 0 0 0.017 0 1 0
2 0.375 3 0 0.041 1 1 1
2 0.313 1 0 0.051 0 1 0
3 0.313 1 0 0.015 1 1 0
1 0.363 0 0 0.413 1 1 1
3 0.138 0 0 0.037 0 2 0
2 0.288 0 0 0.025 0 1 0
2 0.288 0 0 0.025 0 1 0
3 0.356 0 0 0.031 0 1 0
3 0.600 1 3 0.067 1 1 0
1 0.438 0 0 1.000 0 2 1
1 0.450 1 0 0.154 0 1 0
1 0.263 2 2 0.512 1 2 1
3 0.300 1 0 0.031 0 1 0
3 0.388 0 0 0.015 0 1 1
1 0.875 1 1 0.139 0 1 0
3 0.200 1 1 0.040 0 1 0
2 0.375 0 0 0.025 1 1 1
1 0.238 1 0 0.104 0 1 0
3 0.388 0 0 0.015 0 0 0
2 0.050 1 1 0.045 1 1 1
3 0.075 0 1 0.024 0 1 1
3 0.413 0 0 0.019 0 1 0
3 0.288 0 0 0.015 0 1 0
2 0.600 1 2 0.127 1 1 1
2 0.008 1 1 0.028 0 1 1
3 0.350 0 0 0.015 0 1 0
2 0.225 0 0 0.022 0 1 0
3 0.425 0 0 0.016 0 1 0
1 0.413 0 0 0.169 1 1 1
3 0.513 0 0 0.014 0 1 0
3 0.250 0 0 0.014 0 2 1
1 0.450 1 2 0.234 1 1 1
3 0.200 0 0 0.015 0 1 0
1 0.638 1 0 0.152 1 1 1
3 0.381 0 0 0.015 1 0 0
3 0.400 0 0 0.016 0 1 0
3 0.300 0 0 0.019 0 1 0
3 0.600 0 0 0.015 0 1 0
2 0.713 0 0 0.020 1 1 0
2 0.675 1 3 0.045 1 1 1
3 0.225 0 0 0.015 0 1 0
3 0.063 0 0 0.024 1 1 1
1 0.538 0 1 0.413 1 1 1
3 0.163 0 0 0.014 1 2 1
1 0.213 1 0 0.111 1 1 1
1 0.363 0 0 0.059 0 1 0
3 0.313 0 0 0.014 0 1 0
3 0.313 0 0 0.014 0 1 0
3 0.225 0 0 0.015 1 1 1
3 0.100 4 1 0.057 0 0 0
3 0.013 1 2 0.040 0 1 1
1 0.575 0 0 0.155 0 2 0
2 0.200 0 0 0.051 0 1 0
3 0.313 0 0 0.015 0 1 0
2 0.488 0 0 0.025 0 1 0
1 0.613 0 0 0.051 1 1 1
3 0.388 0 0 0.017 1 1 1
3 0.375 0 0 0.014 0 2 0
3 0.375 1 1 0.047 1 1 0
2 0.425 0 0 0.025 0 1 0
2 0.388 1 1 0.051 1 1 1
1 0.138 1 2 0.234 0 1 1
3 0.005 0 1 0.017 0 2 1
3 0.338 0 0 0.014 0 1 1
3 0.388 0 0 0.015 0 1 0
1 0.488 0 0 0.000 0 1 0
3 0.225 0 0 0.015 1 1 0
2 0.488 0 0 0.025 0 1 0
1 0.413 1 0 0.104 1 1 1
3 0.325 0 0 0.015 0 1 0
3 0.488 0 0 0.047 0 1 0
2 0.438 0 0 0.020 0 1 0
3 0.075 4 2 0.061 1 1 0
3 0.381 0 0 0.016 0 1 0
3 0.288 0 0 0.015 1 1 0
2 0.388 1 1 0.072 0 2 0
3 0.538 0 0 0.013 0 1 0
3 0.125 3 2 0.054 0 1 0
1 0.650 1 1 0.182 1 1 1
3 0.338 0 0 0.017 0 1 1
1 0.475 0 0 0.000 0 1 0
3 0.338 0 1 0.024 1 1 1
3 0.025 4 1 0.077 0 1 0
2 0.013 0 2 0.072 0 2 1
3 0.188 1 0 0.028 1 2 1
2 0.010 1 1 0.037 0 1 1
3 0.288 0 0 0.015 0 1 0
3 0.225 0 0 0.016 0 1 0
1 0.488 1 1 0.162 1 2 1
3 0.263 0 0 0.017 0 1 0
3 0.400 0 0 0.110 0 1 1
3 0.250 0 0 0.015 0 1 0
2 0.200 0 0 0.020 0 1 0
1 0.375 0 0 0.061 1 2 1
3 0.431 0 0 0.013 0 2 0
3 0.213 0 0 0.017 0 1 0
3 0.525 0 0 0.015 0 1 0
3 0.438 0 0 0.015 0 2 0
2 0.350 0 1 0.064 0 1 0
3 0.050 4 2 0.061 0 1 0
3 0.925 0 0 0.015 0 1 0
3 0.113 1 1 0.030 1 2 0
1 0.200 0 1 0.077 1 1 1
2 0.550 1 0 0.051 1 1 0
3 0.225 0 1 0.018 1 1 1
1 0.563 1 1 0.322 1 1 1
1 0.638 0 0 0.052 0 1 1
3 0.300 0 3 0.038 1 2 1
3 0.513 2 0 0.028 0 1 0
2 0.263 1 0 0.022 0 1 0
1 0.600 0 0 0.051 1 1 1
2 0.300 0 0 0.025 0 1 0
2 0.525 0 0 0.025 1 1 1
2 0.338 1 0 0.027 1 2 1
1 0.388 0 0 0.099 0 1 0
3 0.050 1 1 0.022 0 1 1
3 0.325 0 0 0.015 0 1 0
1 0.588 1 1 0.103 1 1 1
1 0.413 0 0 0.010 0 1 0
3 0.588 0 0 0.018 0 1 0
2 0.350 1 0 0.047 1 2 1
3 0.188 0 0 0.014 1 2 1
3 0.250 0 0 0.019 0 1 0
3 0.238 0 0 0.015 0 1 0
1 0.700 0 1 0.162 1 2 1
2 0.313 0 1 0.051 1 1 1
3 0.413 0 0 0.015 0 1 0
3 0.275 0 0 0.021 1 1 0
2 0.350 0 0 0.020 0 1 0
3 0.313 0 0 0.014 0 1 0
3 0.488 0 5 0.057 1 0 0
2 0.338 0 0 0.025 0 1 0
1 0.238 0 0 0.059 1 1 1
1 0.325 0 0 0.059 0 2 1
3 0.400 0 0 0.015 0 0 0