7 30 1
0.056 0.023 0.008 0.036 0.023 0.094 0.029 0.092
0.022 0.008 0.098 0.049 0.065 0.02 0.038 0.021
0.096 0.072 0.042 0.059 0.073 0.068 0.1 0.053
0.014 0.058 0.094 0.013 0.071 0.021 0.026 0.017
0.094 0.083 0.017 0.071 0.006 0.034 0.081 0.022
0.055 0.086 0.064 0.003 0.095 0.022 0.079 0.01
0.078 0.033 0.089 0.047 0.001 0.062 0.098 0.029
0.094 0.006 0.032 0.007 0.099 0.038 0.078 0.055
0.083 0.09 0.043 0.058 0.04 0.058 0.094 0.026
0.029 0.002 0.032 0.0 0.049 0.019 0.023 0.08
0.042 0.001 0.053 0.095 0.078 0.019 0.069 0.029
0.059 0.001 0.054 0.017 0.026 0.09 0.077 0.005
0.037 0.069 0.072 0.096 0.004 0.056 0.062 0.019
0.026 0.018 0.046 0.026 0.08 0.069 0.023 0.027
0.063 0.031 0.03 0.049 0.056 0.004 0.026 0.032
0.087 0.05 0.027 0.059 0.054 0.091 0.037 0.033
0.011 0.053 0.054 0.044 0.069 0.052 0.026 0.02
0.002 0.061 0.064 0.017 0.085 0.089 0.014 0.063
0.065 0.071 0.027 0.024 0.022 0.066 0.085 0.006
0.026 0.044 0.068 0.013 0.003 0.076 0.002 0.098
0.037 0.021 0.015 0.057 0.033 0.034 0.071 0.013
0.059 0.016 0.069 0.026 0.026 0.064 0.052 0.016
0.058 0.094 0.072 0.06 0.019 0.06 0.011 0.005
0.055 0.07 0.052 0.055 0.091 0.07 0.045 0.015
0.072 0.029 0.029 0.063 0.007 0.072 0.028 0.056
0.074 0.067 0.005 0.063 0.003 0.03 0.006 0.001
0.055 0.061 0.023 0.022 0.089 0.062 0.008 0.014
0.092 0.026 0.037 0.0 0.094 0.028 0.022 0.087
0.072 0.026 0.049 0.047 0.083 0.023 0.059 0.077
0.018 0.071 0.058 0.034 0.046 0.095 0.054 0.056
0.03 0.01 0.075 0.046 0.03 0.007 0.035 0.007 0.029 0.032 0.083 0.031 0.099 0.008 0.039 0.095 0.025 0.07 0.013 0.068 0.052 0.054 0.006 0.015 0.058 0.03 0.006 0.032 0.092 0.075 0.036