7 30 1
1.820 -2.657 -24.699 -0.579 -4.194 -3.091 0.855 3.164
1.555 -6.034 -15.404 -8.569 -14.893 -1.103 64.646 4.805
-10.089 -2.608 -5.363 3.676 -2.112 9.746 29.181 12.479
8.383 -20.740 -1.141 6.705 -15.196 -0.539 7.217 9.106
7.189 -14.933 3.810 11.306 -10.967 -2.357 0.964 5.728
-6.530 -18.419 -14.302 -2.379 -12.044 2.506 22.650 2.704
-7.033 11.122 -18.802 0.831 14.523 2.501 25.491 5.932
-6.953 2.134 -25.072 8.981 26.143 13.988 50.477 -9.392
-6.826 -27.823 -11.190 -7.334 1.361 3.459 9.955 12.648
2.704 -13.330 -5.176 3.414 2.893 3.428 10.741 -2.458
0.577 -12.250 -2.603 1.979 0.763 5.449 10.628 -1.639
-5.752 7.448 -5.483 -9.266 -1.955 1.182 43.738 27.572
1.189 -11.337 2.912 7.889 -7.342 -0.397 -0.224 2.684
-6.272 1.098 -5.270 1.145 0.808 3.834 10.187 4.211
-13.031 0.174 -13.940 1.645 17.766 6.921 38.522 8.734
-1.375 -7.188 -17.631 -3.286 -1.636 -3.595 -3.097 1.837
0.461 -28.592 -19.314 -2.007 -2.518 4.046 22.494 11.285
1.559 -8.697 -0.054 17.060 -3.578 -1.951 7.977 0.089
2.712 -16.102 -8.926 -1.950 -0.927 5.897 12.013 1.979
4.132 -14.963 2.730 9.314 -10.777 -1.886 0.035 3.908
-19.873 0.208 -11.637 -12.812 26.231 12.450 49.232 18.975
0.118 -12.398 -15.581 -2.903 1.752 -0.849 4.367 -0.418
2.241 -2.684 1.144 -2.846 -1.162 0.360 -2.015 -0.789
-20.692 -2.461 -8.678 -13.866 -3.348 12.536 39.261 26.036
-3.965 4.167 -28.063 5.167 13.883 -3.155 2.776 7.022
2.231 -2.681 1.131 -2.829 -1.188 0.352 -2.047 -0.827
-6.491 14.887 -20.431 4.166 11.485 -4.413 -0.326 4.274
2.270 -31.080 -13.266 -4.780 -22.524 1.814 41.604 15.302
-13.000 12.941 -21.604 28.640 -15.147 2.024 37.707 19.178
-7.328 -31.244 -25.595 -4.588 1.257 -2.117 1.489 9.380
42.232 5.250 23.735 3.112 7.336 12.190 13.039 -0.725 23.073 11.439 5.570 1.113 5.839 8.850 -31.334 4.545 4.937 14.087 -1.769 5.025 11.240 18.907 6.376 0.613 17.316 6.627 0.660 -31.539 21.825 18.210 15.405